R{"wins"}=? [ C<=50 ]	S=? [ cheating=1 ]	blackjack	boldness	weighting
5.62	0.9908	0	0.7645910497788648	0.19680696948232218
7.6433	0.8972	0	0.5113666758061585	0.9867241719400572
7.519	0.9091	0	0.5264681517020642	0.17394320529211138
5.5859	0.9913	0	0.7696145053620729	0.9909914319941235
8.5167	0.6853	0	0.352463521622018	0.21374318688769367
7.2476	0.9307	0	0.5586693667073419	0.5321272394444438
7.6304	0.8985	0	0.5129464403292942	0.829707692177405
3.3964	0.9998	1	0.9812471779498285	0.7190135426545365
6.9376	0.9497	0	0.5950738268496444	0.5359439371642635
6.1232	0.9808	0	0.6951353533125558	0.8055044981826727
5.3774	0.9939	0	0.8013985199507562	0.5454305700886327
6.106	0.9812	0	0.6973836127163956	0.935136170792564
5.3192	0.9945	0	0.8106252206709889	0.5882663868990712
3.5805	0.9995	1	0.9305726843077023	0.37244384676437825
6.7582	0.9586	0	0.6163355382087604	0.5350694225196094
4.7823	0.9982	0	0.9047114728002493	0.1668307448988843
4.9621	0.9973	0	0.8712133570119007	0.29400502595598793
8.432	0.7486	0	0.38836148055488795	0.8266960289504808
5.4879	0.9926	0	0.784323249334182	0.6394852596131501
4.6012	0.9989	0	0.940875508538706	0.7461864790550694
8.4898	0.7155	0	0.3689666877545742	0.5815426597545402
8.1646	0.8243	0	0.44077585200727165	0.4023386445044277
4.8542	0.9979	0	0.8910419607196138	0.6640272725607413
5.3943	0.9937	0	0.7987595506761253	0.19286109871937995
5.1093	0.9963	0	0.8453521455044476	0.922391924090494
5.4819	0.9927	0	0.7852378393033552	0.4627601404948296
7.3789	0.9209	0	0.5431876729865207	0.326811101121942
6.5361	0.9678	0	0.6431218814407744	0.7434347601591402
8.3758	0.7704	0	0.402164472517927	0.761580822968552
6.2225	0.9781	0	0.682300967034438	0.21125095219104084
4.7258	0.9985	0	0.9157067163740744	0.7165380669174957
6.098	0.9814	0	0.6984424654223144	0.6561773383158591
8.4701	0.7289	0	0.37662723860306047	0.6859423562963842
4.6382	0.9988	0	0.9332737400500984	0.9446923866358322
6.8213	0.9556	0	0.6088301516080318	0.32975880974110794
6.7723	0.9579	0	0.6146564473705358	0.2808015466832294
6.0118	0.9835	0	0.709848141390676	0.798742373523308
5.4161	0.9934	0	0.7953548690030848	0.5391139230199175
3.5051	0.9996	1	0.9506903122428847	0.45689825474769963
7.6901	0.8924	0	0.5055828270260482	0.663896443611895
3.4155	0.9997	1	0.9757269783662635	0.6818622676344686
7.1122	0.9396	0	0.5745559042533618	0.6358921254527058
4.3885	0.9994	0	0.986916900714284	0.6666844496743213
5.734	0.989	0	0.7481244131409375	0.26859716525079125
6.4304	0.9716	0	0.6561192912719574	0.9315686452009349
